1	4.570224	95.458145	26.104635	-0.161519	1.500000
2	4.571046	95.509872	16.007017	0.098232	1.500000
3	4.572085	95.575203	9.209874	0.275975	1.500000
4	4.572805	95.620422	4.956538	0.385606	1.500000
5	4.573377	95.656494	1.902698	0.464931	1.500000
6	4.573785	95.682243	-0.487515	0.526330	1.500000
7	4.574362	95.718582	-2.358446	0.575750	1.500000
8	4.574836	95.748413	-3.850253	0.615326	1.500000
9	4.575022	95.760155	-5.020858	0.645479	1.500000
10	4.575244	95.774124	-5.988423	0.670826	1.500000
11	4.575517	95.791351	-6.736133	0.690882	1.500000
12	4.575854	95.812523	-7.343599	0.707767	1.500000
13	4.576145	95.830826	-7.864438	0.722180	1.500000
14	4.576419	95.848106	-8.341337	0.735583	1.500000
15	4.576640	95.862007	-8.791292	0.748011	1.500000
16	4.576928	95.880180	-9.230607	0.760725	1.500000
17	4.577199	95.897331	-9.740152	0.775119	1.500000
18	4.577394	95.909531	-10.271633	0.790018	1.500000
19	4.577566	95.920387	-10.808167	0.804537	1.500000
20	4.577726	95.930466	-11.309092	0.818237	1.500000
21	4.577812	95.935852	-11.818542	0.831672	1.500000
22	4.577895	95.941017	-12.277316	0.843841	1.500000
23	4.578026	95.949265	-12.641330	0.853970	1.500000
24	4.578121	95.955261	-12.909752	0.861531	1.500000
25	4.578249	95.963402	-13.170920	0.869090	1.500000
26	4.578429	95.974777	-13.421184	0.876659	1.500000
27	4.578622	95.986923	-13.665458	0.884131	1.500000
28	4.578831	96.000145	-13.949553	0.892625	1.500000
29	4.579017	96.011902	-14.254145	0.901477	1.500000
30	4.579175	96.021828	-14.548789	0.909966	1.500000
31	4.579360	96.033615	-14.907814	0.920079	1.500000
32	4.579539	96.044907	-15.253740	0.929744	1.500000
33	4.579723	96.056557	-15.582257	0.938873	1.500000
34	4.579906	96.068199	-15.933055	0.948655	1.500000
35	4.580140	96.082985	-16.226065	0.957217	1.500000
36	4.580415	96.100517	-16.478825	0.964969	1.500000
37	4.580633	96.114388	-16.740688	0.972690	1.500000
38	4.580804	96.125328	-16.980646	0.979560	1.500000
39	4.580973	96.136078	-17.209751	0.986120	1.500000
40	4.581167	96.148445	-17.435505	0.992735	1.500000
41	4.581343	96.159630	-17.642813	0.998826	1.500000
42	4.581498	96.169495	-17.844259	1.004712	1.500000
43	4.581644	96.178764	-18.050064	1.010674	1.500000
44	4.581821	96.190056	-18.289541	1.017667	1.500000
45	4.581978	96.199997	-18.567194	1.025373	1.500000
46	4.582133	96.209801	-18.853100	1.033318	1.500000
47	4.582291	96.219841	-19.146128	1.041657	1.500000
48	4.582445	96.229584	-19.419752	1.049556	1.500000
49	4.582598	96.239265	-19.667995	1.056806	1.500000
50	4.582748	96.248756	-19.910442	1.063863	1.500000
51	4.582876	96.256866	-20.144512	1.070589	1.500000
52	4.582971	96.262886	-20.371487	1.076966	1.500000
53	4.583053	96.268074	-20.594650	1.083201	1.500000
54	4.583145	96.273895	-20.815493	1.089419	1.500000
55	4.583234	96.279572	-21.043602	1.095772	1.500000
56	4.583324	96.285263	-21.264914	1.101930	1.500000
57	4.583402	96.290199	-21.475708	1.107754	1.500000
58	4.583483	96.295319	-21.680931	1.113447	1.500000
59	4.583559	96.300110	-21.876522	1.118880	1.500000
60	4.583621	96.304085	-22.061724	1.123956	1.500000
61	4.583697	96.308884	-22.243195	1.129008	1.500000
62	4.583761	96.312950	-22.412361	1.133712	1.500000
63	4.583853	96.318779	-22.575535	1.138440	1.500000
64	4.583930	96.323608	-22.728535	1.142858	1.500000
65	4.583993	96.327644	-22.855124	1.146502	1.500000
66	4.584042	96.330704	-22.973909	1.149825	1.500000
67	4.584083	96.333290	-23.090649	1.153045	1.500000
68	4.584109	96.334946	-23.186279	1.155690	1.500000
69	4.584129	96.336227	-23.281693	1.158270	1.500000
70	4.584150	96.337524	-23.373724	1.160785	1.500000
71	4.584158	96.338036	-23.453558	1.162979	1.500000
72	4.584157	96.338013	-23.542252	1.165296	1.500000
73	4.584198	96.340584	-23.620584	1.167535	1.500000
74	4.584261	96.344627	-23.706867	1.170063	1.500000
75	4.584313	96.347946	-23.780212	1.172226	1.500000
76	4.584365	96.351280	-23.852655	1.174354	1.500000
77	4.584411	96.354187	-23.916130	1.176226	1.500000
78	4.584460	96.357323	-23.979977	1.178129	1.500000
79	4.584500	96.359909	-24.032284	1.179712	1.500000
80	4.584537	96.362267	-24.082258	1.181211	1.500000
81	4.584589	96.365585	-24.142431	1.183068	1.500000
82	4.584651	96.369560	-24.220818	1.185433	1.500000
83	4.584720	96.373962	-24.297745	1.187787	1.500000
84	4.584790	96.378456	-24.393909	1.190566	1.500000
85	4.584856	96.382637	-24.486837	1.193282	1.500000
86	4.584925	96.387062	-24.571657	1.195883	1.500000
87	4.584995	96.391579	-24.650169	1.198333	1.500000
88	4.585059	96.395622	-24.733849	1.200870	1.500000
89	4.585139	96.400742	-24.826616	1.203626	1.500000
90	4.585207	96.405045	-24.949007	1.207015	1.500000
91	4.585235	96.406876	-25.076515	1.210210	1.500000
92	4.585256	96.408180	-25.202591	1.213250	1.500000
93	4.585285	96.410042	-25.336933	1.216544	1.500000
94	4.585319	96.412247	-25.450768	1.219393	1.500000
95	4.585356	96.414635	-25.575016	1.222499	1.500000
96	4.585380	96.416176	-25.699539	1.225531	1.500000
97	4.585386	96.416588	-25.818155	1.228328	1.500000
98	4.585392	96.417023	-25.934174	1.231063	1.500000
99	4.585414	96.418404	-26.049694	1.233872	1.500000
100	4.585431	96.419495	-26.162037	1.236593	1.500000
101	4.585424	96.419083	-26.268507	1.239050	1.500000
102	4.585412	96.418297	-26.378881	1.241559	1.500000
103	4.585413	96.418388	-26.491926	1.244220	1.500000
104	4.585424	96.419098	-26.626577	1.247430	1.500000
105	4.585432	96.419640	-26.757856	1.250577	1.500000
106	4.585443	96.420410	-26.883198	1.253620	1.500000
107	4.585457	96.421333	-27.003300	1.256546	1.500000
108	4.585466	96.421928	-27.135658	1.259760	1.500000
109	4.585474	96.422508	-27.269783	1.263069	1.500000
110	4.585483	96.423080	-27.406397	1.266496	1.500000
111	4.585491	96.423645	-27.542084	1.269895	1.500000
112	4.585499	96.424194	-27.678942	1.273284	1.500000
113	4.585505	96.424553	-27.825886	1.276890	1.500000
114	4.585502	96.424461	-27.977402	1.280535	1.500000
115	4.585502	96.424484	-28.125877	1.284096	1.500000
116	4.585490	96.423744	-28.272856	1.287556	1.500000
117	4.585483	96.423294	-28.409031	1.290789	1.500000
118	4.585473	96.422699	-28.540152	1.293889	1.500000
119	4.585464	96.422195	-28.669031	1.296948	1.500000
120	4.585448	96.421249	-28.797777	1.299960	1.500000
121	4.585426	96.419952	-28.928801	1.302996	1.500000
122	4.585395	96.418030	-29.052794	1.305801	1.500000
123	4.585352	96.415390	-29.176908	1.308545	1.500000
124	4.585305	96.412392	-29.297512	1.311179	1.500000
125	4.585263	96.409828	-29.411667	1.313699	1.500000
126	4.585217	96.406952	-29.516254	1.315965	1.500000
127	4.585169	96.403954	-29.621569	1.318259	1.500000
128	4.585117	96.400719	-29.722313	1.320403	1.500000
129	4.585070	96.397789	-29.833132	1.322852	1.500000
130	4.585029	96.395203	-29.949493	1.325454	1.500000
131	4.584986	96.392555	-30.077288	1.328383	1.500000
132	4.584950	96.390312	-30.206757	1.331344	1.500000
133	4.584918	96.388351	-30.334717	1.334307	1.500000
134	4.584886	96.386414	-30.460766	1.337225	1.500000
135	4.584854	96.384430	-30.586199	1.340139	1.500000
136	4.584819	96.382248	-30.707951	1.342957	1.500000
137	4.584784	96.380081	-30.834698	1.345919	1.500000
138	4.584748	96.377876	-30.959440	1.348867	1.500000
139	4.584706	96.375259	-31.087564	1.351817	1.500000
140	4.584662	96.372498	-31.219124	1.354838	1.500000
141	4.584630	96.370552	-31.347740	1.357872	1.500000
142	4.584605	96.368988	-31.476439	1.360945	1.500000
143	4.584580	96.367516	-31.602184	1.363937	1.500000
144	4.584563	96.366516	-31.727247	1.366948	1.500000
145	4.584553	96.365936	-31.851496	1.369981	1.500000
146	4.584538	96.365005	-31.973513	1.372935	1.500000
147	4.584528	96.364418	-32.093838	1.375877	1.500000
148	4.584514	96.363594	-32.212875	1.378765	1.500000
149	4.584502	96.362907	-32.328773	1.381570	1.500000
150	4.584487	96.362015	-32.442303	1.384286	1.500000
151	4.584471	96.361115	-32.556412	1.387026	1.500000
152	4.584468	96.360977	-32.673981	1.389926	1.500000
153	4.584465	96.360825	-32.794270	1.392908	1.500000
154	4.584447	96.359772	-32.913128	1.395750	1.500000
155	4.584427	96.358574	-33.024654	1.398399	1.500000
156	4.584415	96.357849	-33.131699	1.400987	1.500000
157	4.584411	96.357689	-33.235397	1.403564	1.500000
158	4.584404	96.357292	-33.336079	1.406088	1.500000
159	4.584394	96.356735	-33.434837	1.408594	1.500000
160	4.584385	96.356186	-33.531487	1.411066	1.500000
161	4.584375	96.355637	-33.628296	1.413550	1.500000
162	4.584366	96.355103	-33.725388	1.416049	1.500000
163	4.584354	96.354362	-33.822460	1.418536	1.500000
164	4.584351	96.354233	-33.923679	1.421213	1.500000
165	4.584350	96.354233	-34.034496	1.424174	1.500000
166	4.584338	96.353561	-34.144241	1.427054	1.500000
167	4.584317	96.352325	-34.255703	1.429923	1.500000
168	4.584302	96.351463	-34.367290	1.432831	1.500000
169	4.584296	96.351143	-34.478127	1.435769	1.500000
170	4.584291	96.350838	-34.585896	1.438635	1.500000
171	4.584285	96.350555	-34.689579	1.441399	1.500000
172	4.584288	96.350777	-34.792004	1.444174	1.500000
173	4.584291	96.351074	-34.893040	1.446916	1.500000
174	4.584293	96.351318	-34.998508	1.449758	1.500000
175	4.584286	96.350929	-35.102036	1.452500	1.500000
176	4.584273	96.350128	-35.203823	1.455163	1.500000
177	4.584262	96.349518	-35.303165	1.457780	1.500000
178	4.584241	96.348282	-35.400139	1.460287	1.500000
179	4.584212	96.346512	-35.498798	1.462805	1.500000
180	4.584182	96.344727	-35.594254	1.465262	1.500000
181	4.584136	96.341858	-35.676418	1.467263	1.500000
182	4.584074	96.338081	-35.756931	1.469140	1.500000
183	4.584012	96.334190	-35.837482	1.471036	1.500000
184	4.583943	96.329971	-35.913696	1.472791	1.500000
185	4.583876	96.325806	-35.991405	1.474578	1.500000
186	4.583809	96.321678	-36.068279	1.476345	1.500000
187	4.583743	96.317596	-36.144333	1.478094	1.500000
188	4.583678	96.313560	-36.218929	1.479796	1.500000
189	4.583616	96.309723	-36.292561	1.481513	1.500000
190	4.583557	96.306076	-36.374153	1.483441	1.500000
191	4.583498	96.302460	-36.453690	1.485322	1.500000
192	4.583443	96.299011	-36.536961	1.487350	1.500000
193	4.583385	96.295456	-36.622391	1.489411	1.500000
194	4.583316	96.291168	-36.705112	1.491335	1.500000
195	4.583226	96.285606	-36.783237	1.493021	1.500000
196	4.583130	96.279648	-36.859653	1.494633	1.500000
197	4.583036	96.273804	-36.936222	1.496258	1.500000
198	4.582941	96.267853	-37.011776	1.497843	1.500000
199	4.582843	96.261765	-37.086468	1.499394	1.500000
200	4.582748	96.255867	-37.161022	1.500958	1.500000
201	4.582659	96.250275	-37.235374	1.502546	1.500000
202	4.582568	96.244614	-37.308098	1.504085	1.500000
203	4.582477	96.238968	-37.376556	1.505518	1.500000
204	4.582387	96.233391	-37.447803	1.507025	1.500000
205	4.582298	96.227798	-37.517998	1.508505	1.500000
206	4.582212	96.222427	-37.591324	1.510085	1.500000
207	4.582121	96.216751	-37.662518	1.511584	1.500000
208	4.582027	96.210892	-37.731422	1.513013	1.500000
209	4.581939	96.205353	-37.799511	1.514454	1.500000
210	4.581841	96.199287	-37.867840	1.515811	1.500000
211	4.581744	96.193184	-37.930313	1.517025	1.500000
212	4.581651	96.187355	-37.991970	1.518270	1.500000
213	4.581560	96.181656	-38.052036	1.519492	1.500000
214	4.581467	96.175865	-38.106327	1.520548	1.500000
215	4.581375	96.170120	-38.159355	1.521608	1.500000
216	4.581284	96.164436	-38.211891	1.522658	1.500000
217	4.581194	96.158798	-38.263943	1.523698	1.500000
218	4.581105	96.153214	-38.315655	1.524729	1.500000
219	4.581016	96.147697	-38.361832	1.525587	1.500000
220	4.580931	96.142342	-38.412052	1.526570	1.500000
221	4.580858	96.137779	-38.465748	1.527698	1.500000
222	4.580783	96.133110	-38.530762	1.529081	1.500000
223	4.580701	96.128006	-38.608883	1.530724	1.500000
224	4.580620	96.122917	-38.684444	1.532288	1.500000
225	4.580541	96.118004	-38.760437	1.533869	1.500000
226	4.580473	96.113808	-38.835060	1.535474	1.500000
227	4.580411	96.109932	-38.909973	1.537111	1.500000
228	4.580353	96.106316	-38.984390	1.538760	1.500000
229	4.580299	96.102959	-39.058620	1.540428	1.500000
230	4.580250	96.099960	-39.132912	1.542128	1.500000
231	4.580205	96.097206	-39.207203	1.543854	1.500000
232	4.580160	96.094421	-39.280937	1.545559	1.500000
233	4.580116	96.091698	-39.354958	1.547275	1.500000
234	4.580068	96.088669	-39.426708	1.548909	1.500000
235	4.580021	96.085823	-39.494804	1.550465	1.500000
236	4.579976	96.082977	-39.561535	1.551976	1.500000
237	4.579935	96.080421	-39.629330	1.553537	1.500000
238	4.579895	96.078033	-39.699829	1.555179	1.500000
239	4.579850	96.075249	-39.773010	1.556840	1.500000
240	4.579807	96.072601	-39.843853	1.558434	1.500000
241	4.579767	96.070129	-39.913280	1.560028	1.500000
242	4.579726	96.067612	-39.986961	1.561740	1.500000
243	4.579683	96.065018	-40.062130	1.563483	1.500000
244	4.579641	96.062447	-40.137272	1.565233	1.500000
245	4.579600	96.059891	-40.212017	1.566978	1.500000
246	4.579558	96.057365	-40.286156	1.568709	1.500000
247	4.579517	96.054832	-40.359829	1.570427	1.500000
248	4.579472	96.052048	-40.433113	1.572132	1.500000
249	4.579426	96.049187	-40.501904	1.573719	1.500000
250	4.579385	96.046707	-40.571362	1.575367	1.500000
251	4.579349	96.044472	-40.641479	1.577043	1.500000
252	4.579320	96.042702	-40.708702	1.578682	1.500000
253	4.579290	96.040855	-40.776775	1.580342	1.500000
254	4.579265	96.039291	-40.844868	1.582029	1.500000
255	4.579242	96.037926	-40.912262	1.583709	1.500000
256	4.579221	96.036644	-40.979893	1.585398	1.500000
257	4.579201	96.035469	-41.047443	1.587093	1.500000
258	4.579180	96.034164	-41.113701	1.588740	1.500000
259	4.579157	96.032814	-41.179287	1.590364	1.500000
260	4.579139	96.031731	-41.244755	1.592005	1.500000
261	4.579127	96.031021	-41.309471	1.593659	1.500000
262	4.579119	96.030617	-41.373978	1.595328	1.500000
263	4.579110	96.030075	-41.437950	1.596970	1.500000
264	4.579095	96.029274	-41.500664	1.598555	1.500000
265	4.579077	96.028183	-41.560352	1.600043	1.500000
266	4.579051	96.026649	-41.620647	1.601494	1.500000
267	4.579027	96.025146	-41.680119	1.602913	1.500000
268	4.578998	96.023422	-41.738079	1.604249	1.500000
269	4.578967	96.021545	-41.800659	1.605700	1.500000
270	4.578936	96.019600	-41.860855	1.607119	1.500000
271	4.578904	96.017677	-41.920540	1.608526	1.500000
272	4.578873	96.015770	-41.979382	1.609942	1.500000
273	4.578842	96.013870	-42.046272	1.611550	1.500000
274	4.578812	96.011993	-42.115971	1.613201	1.500000
275	4.578784	96.010330	-42.182884	1.614799	1.500000
276	4.578759	96.008789	-42.243832	1.616249	1.500000
277	4.578730	96.007042	-42.305027	1.617697	1.500000
278	4.578701	96.005241	-42.372387	1.619304	1.500000
279	4.578677	96.003792	-42.437523	1.620885	1.500000
280	4.578655	96.002487	-42.502705	1.622480	1.500000
281	4.578629	96.000893	-42.566738	1.624022	1.500000
282	4.578601	95.999222	-42.629818	1.625533	1.500000
283	4.578578	95.997810	-42.692760	1.627063	1.500000
284	4.578558	95.996559	-42.755302	1.628602	1.500000
285	4.578535	95.995148	-42.818680	1.630144	1.500000
286	4.578511	95.993660	-42.882889	1.631702	1.500000
287	4.578485	95.992058	-42.946255	1.633229	1.500000
288	4.578453	95.990097	-43.005814	1.634626	1.500000
289	4.578423	95.988274	-43.062626	1.635970	1.500000
290	4.578395	95.986580	-43.123020	1.637423	1.500000
291	4.578368	95.984955	-43.183002	1.638845	1.500000
292	4.578337	95.983070	-43.237476	1.640093	1.500000
293	4.578308	95.981255	-43.294899	1.641457	1.500000
294	4.578278	95.979454	-43.349216	1.642768	1.500000
295	4.578249	95.977661	-43.403206	1.644060	1.500000
296	4.578219	95.975883	-43.457958	1.645391	1.500000
297	4.578190	95.974113	-43.512341	1.646713	1.500000
298	4.578161	95.972359	-43.566368	1.648032	1.500000
299	4.578132	95.970619	-43.619408	1.649348	1.500000
300	4.578104	95.968880	-43.670963	1.650623	1.500000
301	4.578075	95.967133	-43.725414	1.651959	1.500000
302	4.578046	95.965370	-43.778427	1.653246	1.500000
303	4.578014	95.963402	-43.832130	1.654520	1.500000
304	4.577974	95.960960	-43.887562	1.655796	1.500000
305	4.577934	95.958450	-43.943356	1.657078	1.500000
306	4.577897	95.956215	-43.999271	1.658385	1.500000
307	4.577860	95.953934	-44.054996	1.659682	1.500000
308	4.577820	95.951439	-44.109749	1.660939	1.500000
309	4.577777	95.948807	-44.163879	1.662165	1.500000
310	4.577734	95.946129	-44.218067	1.663386	1.500000
311	4.577692	95.943520	-44.272144	1.664608	1.500000
312	4.577646	95.940697	-44.324959	1.665778	1.500000
313	4.577599	95.937843	-44.378098	1.666949	1.500000
314	4.577549	95.934776	-44.431263	1.668097	1.500000
315	4.577506	95.932091	-44.482445	1.669215	1.500000
316	4.577465	95.929520	-44.530533	1.670269	1.500000
317	4.577428	95.927277	-44.583626	1.671485	1.500000
318	4.577394	95.925186	-44.638195	1.672764	1.500000
319	4.577360	95.923065	-44.685791	1.673865	1.500000
320	4.577326	95.920975	-44.733894	1.674971	1.500000
321	4.577292	95.918884	-44.782051	1.676078	1.500000
322	4.577259	95.916817	-44.829906	1.677178	1.500000
323	4.577226	95.914757	-44.877464	1.678272	1.500000
324	4.577193	95.912712	-44.924728	1.679358	1.500000
325	4.577160	95.910683	-44.971275	1.680427	1.500000
326	4.577128	95.908722	-45.015602	1.681433	1.500000
327	4.577095	95.906677	-45.062424	1.682496	1.500000
328	4.577058	95.904427	-45.110821	1.683595	1.500000
329	4.577019	95.902000	-45.160271	1.684706	1.500000
330	4.576983	95.899750	-45.212612	1.685895	1.500000
331	4.576951	95.897758	-45.264954	1.687092	1.500000
332	4.576926	95.896240	-45.317944	1.688336	1.500000
333	4.576905	95.894936	-45.370991	1.689596	1.500000
334	4.576885	95.893715	-45.423649	1.690848	1.500000
335	4.576867	95.892639	-45.475880	1.692107	1.500000
336	4.576849	95.891533	-45.527397	1.693344	1.500000
337	4.576828	95.890289	-45.578209	1.694550	1.500000
338	4.576809	95.889114	-45.628624	1.695751	1.500000
339	4.576793	95.888092	-45.678822	1.696963	1.500000
340	4.576778	95.887222	-45.730633	1.698220	1.500000
341	4.576766	95.886475	-45.780048	1.699431	1.500000
342	4.576753	95.885750	-45.828529	1.700620	1.500000
343	4.576738	95.884827	-45.876667	1.701785	1.500000
344	4.576725	95.884003	-45.926434	1.702974	1.500000
345	4.576707	95.882927	-45.975502	1.704120	1.500000
346	4.576686	95.881653	-46.025341	1.705258	1.500000
347	4.576666	95.880394	-46.075962	1.706418	1.500000
348	4.576646	95.879189	-46.124985	1.707546	1.500000
349	4.576627	95.877991	-46.173729	1.708667	1.500000
350	4.576607	95.876801	-46.222195	1.709782	1.500000
351	4.576588	95.875610	-46.270386	1.710890	1.500000
352	4.576569	95.874435	-46.319035	1.711998	1.500000
353	4.576550	95.873260	-46.368515	1.713107	1.500000
354	4.576530	95.872086	-46.417896	1.714214	1.500000
355	4.576509	95.870819	-46.466312	1.715289	1.500000
356	4.576490	95.869621	-46.515347	1.716388	1.500000
357	4.576473	95.868576	-46.562450	1.717473	1.500000
358	4.576456	95.867516	-46.610836	1.718578	1.500000
359	4.576437	95.866364	-46.657478	1.719647	1.500000
360	4.576420	95.865288	-46.704334	1.720721	1.500000
361	4.576402	95.864182	-46.750114	1.721764	1.500000
362	4.576383	95.863022	-46.795452	1.722794	1.500000
363	4.576365	95.861916	-46.842815	1.723879	1.500000
364	4.576348	95.860931	-46.890121	1.724974	1.500000
365	4.576332	95.859924	-46.936954	1.726053	1.500000
366	4.576315	95.858940	-46.983437	1.727126	1.500000
367	4.576299	95.857895	-47.029568	1.728187	1.500000
368	4.576282	95.856873	-47.075367	1.729239	1.500000
369	4.576268	95.856049	-47.121380	1.730318	1.500000
370	4.576255	95.855247	-47.166473	1.731376	1.500000
371	4.576243	95.854507	-47.212868	1.732472	1.500000
372	4.576226	95.853485	-47.257278	1.733498	1.500000
373	4.576206	95.852242	-47.299541	1.734446	1.500000
374	4.576188	95.851135	-47.345997	1.735479	1.500000
375	4.576171	95.850128	-47.392269	1.736510	1.500000
376	4.576152	95.848969	-47.438084	1.737518	1.500000
377	4.576136	95.847939	-47.484230	1.738523	1.500000
378	4.576119	95.846909	-47.530212	1.739525	1.500000
379	4.576102	95.845894	-47.575951	1.740521	1.500000
380	4.576086	95.844879	-47.621403	1.741530	1.500000
381	4.576069	95.843872	-47.666176	1.742511	1.500000
382	4.576054	95.842903	-47.717304	1.743616	1.500000
383	4.576033	95.841606	-47.769920	1.744728	1.500000
384	4.576007	95.840034	-47.820206	1.745752	1.500000
385	4.575983	95.838531	-47.870304	1.746777	1.500000
386	4.575955	95.836777	-47.920990	1.747802	1.500000
387	4.575926	95.835007	-47.971703	1.748824	1.500000
388	4.575897	95.833168	-48.022633	1.749844	1.500000
389	4.575867	95.831306	-48.073349	1.750856	1.500000
390	4.575835	95.829330	-48.123672	1.751849	1.500000
391	4.575799	95.827103	-48.173485	1.752807	1.500000
392	4.575762	95.824806	-48.221714	1.753717	1.500000
393	4.575725	95.822540	-48.268066	1.754582	1.500000
394	4.575688	95.820251	-48.315426	1.755469	1.500000
395	4.575647	95.817741	-48.363461	1.756351	1.500000
396	4.575601	95.814896	-48.412697	1.757235	1.500000
397	4.575550	95.811729	-48.464695	1.758162	1.500000
398	4.575498	95.808525	-48.516224	1.759068	1.500000
399	4.575449	95.805435	-48.569237	1.760024	1.500000
400	4.575400	95.802429	-48.623505	1.761029	1.500000
401	4.575352	95.799446	-48.677681	1.762018	1.500000
402	4.575304	95.796478	-48.731167	1.762995	1.500000
403	4.575255	95.793518	-48.785545	1.764003	1.500000
404	4.575208	95.790581	-48.839775	1.765011	1.500000
405	4.575161	95.787651	-48.892139	1.765965	1.500000
406	4.575114	95.784775	-48.942902	1.766867	1.500000
407	4.575066	95.781784	-48.991631	1.767714	1.500000
408	4.575016	95.778740	-49.043888	1.768660	1.500000
409	4.574968	95.775726	-49.097385	1.769659	1.500000
410	4.574922	95.772865	-49.150749	1.770673	1.500000
411	4.574879	95.770218	-49.203419	1.771684	1.500000
412	4.574834	95.767418	-49.257515	1.772716	1.500000
413	4.574788	95.764557	-49.311398	1.773740	1.500000
414	4.574744	95.761810	-49.366077	1.774794	1.500000
415	4.574697	95.758949	-49.421440	1.775856	1.500000
416	4.574651	95.756088	-49.476768	1.776913	1.500000
417	4.574604	95.753151	-49.531677	1.777951	1.500000
418	4.574555	95.750122	-49.586266	1.778971	1.500000
419	4.574504	95.746971	-49.640610	1.779973	1.500000
420	4.574451	95.743683	-49.694736	1.780959	1.500000
421	4.574399	95.740479	-49.748985	1.781953	1.500000
422	4.574350	95.737442	-49.801785	1.782929	1.500000
423	4.574299	95.734291	-49.855160	1.783915	1.500000
424	4.574247	95.731056	-49.906937	1.784854	1.500000
425	4.574193	95.727692	-49.956524	1.785733	1.500000
426	4.574137	95.724251	-50.009403	1.786696	1.500000
427	4.574081	95.720825	-50.063881	1.787682	1.500000
428	4.574026	95.717415	-50.118275	1.788660	1.500000
429	4.573971	95.714027	-50.172413	1.789633	1.500000
430	4.573917	95.710648	-50.226299	1.790602	1.500000
431	4.573863	95.707283	-50.279934	1.791566	1.500000
432	4.573809	95.703941	-50.333324	1.792526	1.500000
433	4.573755	95.700607	-50.386467	1.793481	1.500000
434	4.573701	95.697304	-50.438686	1.794417	1.500000
435	4.573649	95.694054	-50.489937	1.795353	1.500000
436	4.573595	95.690704	-50.537861	1.796197	1.500000
437	4.573537	95.687157	-50.587597	1.797073	1.500000
438	4.573478	95.683487	-50.640938	1.798023	1.500000
439	4.573418	95.679764	-50.695496	1.799003	1.500000
440	4.573358	95.676071	-50.749317	1.799965	1.500000
441	4.573300	95.672501	-50.802319	1.800912	1.500000
442	4.573242	95.668961	-50.855053	1.801854	1.500000
443	4.573184	95.665352	-50.907974	1.802796	1.500000
444	4.573123	95.661659	-50.961861	1.803758	1.500000
445	4.573064	95.657997	-51.015564	1.804716	1.500000
446	4.573005	95.654358	-51.067894	1.805643	1.500000
447	4.572947	95.650787	-51.118744	1.806541	1.500000
448	4.572889	95.647194	-51.168354	1.807406	1.500000
449	4.572829	95.643478	-51.217499	1.808250	1.500000
450	4.572766	95.639610	-51.265816	1.809051	1.500000
451	4.572702	95.635681	-51.313049	1.809811	1.500000
452	4.572638	95.631683	-51.361320	1.810578	1.500000
453	4.572572	95.627632	-51.408634	1.811309	1.500000
454	4.572502	95.623367	-51.457703	1.812063	1.500000
455	4.572433	95.619110	-51.506737	1.812810	1.500000
456	4.572364	95.614876	-51.556061	1.813553	1.500000
457	4.572296	95.610657	-51.605129	1.814278	1.500000
458	4.572227	95.606461	-51.653984	1.814999	1.500000
459	4.572159	95.602280	-51.702625	1.815718	1.500000
460	4.572092	95.598114	-51.751057	1.816433	1.500000
461	4.572023	95.593933	-51.799866	1.817159	1.500000
462	4.571955	95.589737	-51.847645	1.817849	1.500000
463	4.571889	95.585640	-51.898392	1.818639	1.500000
464	4.571822	95.581512	-51.949623	1.819427	1.500000
465	4.571756	95.577446	-52.001698	1.820235	1.500000
466	4.571689	95.573334	-52.052788	1.821014	1.500000
467	4.571621	95.569206	-52.104618	1.821817	1.500000
468	4.571556	95.565147	-52.156391	1.822627	1.500000
469	4.571488	95.561028	-52.208286	1.823435	1.500000
470	4.571420	95.556816	-52.259903	1.824227	1.500000
471	4.571352	95.552650	-52.311348	1.825018	1.500000
472	4.571285	95.548538	-52.362648	1.825813	1.500000
473	4.571218	95.544426	-52.413742	1.826604	1.500000
474	4.571152	95.540321	-52.464760	1.827397	1.500000
475	4.571085	95.536270	-52.515610	1.828191	1.500000
476	4.571019	95.532158	-52.565300	1.828953	1.500000
477	4.570950	95.527931	-52.614521	1.829688	1.500000
478	4.570879	95.523544	-52.663887	1.830403	1.500000
479	4.570802	95.518799	-52.712677	1.831068	1.500000
480	4.570724	95.514008	-52.758484	1.831653	1.500000
481	4.570646	95.509201	-52.798794	1.832085	1.500000
482	4.570569	95.504463	-52.839817	1.832526	1.500000
483	4.570493	95.499809	-52.879158	1.832942	1.500000
484	4.570415	95.495026	-52.917408	1.833303	1.500000
485	4.570338	95.490250	-52.955444	1.833660	1.500000
486	4.570260	95.485481	-52.993324	1.834016	1.500000
487	4.570183	95.480743	-53.031048	1.834370	1.500000
488	4.570107	95.476021	-53.068619	1.834723	1.500000
489	4.570030	95.471313	-53.106037	1.835074	1.500000
490	4.569954	95.466629	-53.143299	1.835424	1.500000
491	4.569878	95.461967	-53.180412	1.835773	1.500000
492	4.569802	95.457336	-53.218483	1.836145	1.500000
493	4.569729	95.452812	-53.256184	1.836516	1.500000
494	4.569656	95.448364	-53.294254	1.836903	1.500000
495	4.569582	95.443794	-53.332924	1.837308	1.500000
496	4.569507	95.439209	-53.373066	1.837750	1.500000
497	4.569430	95.434456	-53.412163	1.838165	1.500000
498	4.569352	95.429672	-53.451138	1.838573	1.500000
499	4.569274	95.424911	-53.490704	1.839004	1.500000
500	4.569198	95.420189	-53.530300	1.839443	1.500000
501	4.569120	95.415428	-53.569939	1.839878	1.500000
502	4.569044	95.410706	-53.608372	1.840285	1.500000
503	4.568967	95.406029	-53.646267	1.840682	1.500000
504	4.568892	95.401367	-53.683964	1.841075	1.500000
505	4.568817	95.396744	-53.721561	1.841470	1.500000
506	4.568743	95.392197	-53.759155	1.841875	1.500000
507	4.568668	95.387619	-53.796490	1.842268	1.500000
508	4.568596	95.383163	-53.833858	1.842675	1.500000
509	4.568526	95.378860	-53.871296	1.843098	1.500000
510	4.568455	95.374527	-53.908493	1.843512	1.500000
511	4.568389	95.370453	-53.946884	1.843982	1.500000
512	4.568323	95.366371	-53.986111	1.844471	1.500000
513	4.568254	95.362122	-54.025547	1.844947	1.500000
514	4.568187	95.358017	-54.064198	1.845413	1.500000
515	4.568124	95.354141	-54.102211	1.845885	1.500000
516	4.568066	95.350540	-54.140587	1.846385	1.500000
517	4.568009	95.347061	-54.180038	1.846932	1.500000
518	4.567951	95.343498	-54.217430	1.847430	1.500000
519	4.567894	95.339958	-54.254318	1.847892	1.500000
520	4.567836	95.336426	-54.290924	1.848347	1.500000
521	4.567779	95.332909	-54.327393	1.848799	1.500000
522	4.567722	95.329407	-54.363724	1.849250	1.500000
523	4.567666	95.325912	-54.399914	1.849699	1.500000
524	4.567609	95.322433	-54.435963	1.850146	1.500000
525	4.567553	95.318970	-54.471878	1.850592	1.500000
526	4.567497	95.315521	-54.508072	1.851020	1.500000
527	4.567440	95.312027	-54.544704	1.851447	1.500000
528	4.567383	95.308487	-54.580593	1.851850	1.500000
529	4.567326	95.304977	-54.617210	1.852277	1.500000
530	4.567269	95.301537	-54.655800	1.852765	1.500000
531	4.567214	95.298157	-54.693737	1.853238	1.500000
532	4.567161	95.294868	-54.731308	1.853706	1.500000
533	4.567110	95.291687	-54.770100	1.854213	1.500000
534	4.567060	95.288612	-54.808601	1.854720	1.500000
535	4.567011	95.285614	-54.847549	1.855246	1.500000
536	4.566962	95.282631	-54.886669	1.855778	1.500000
537	4.566913	95.279564	-54.925468	1.856293	1.500000
538	4.566863	95.276512	-54.964191	1.856806	1.500000
539	4.566813	95.273407	-55.001987	1.857294	1.500000
540	4.566761	95.270241	-55.040218	1.857786	1.500000
541	4.566710	95.267044	-55.078236	1.858271	1.500000
542	4.566658	95.263885	-55.116131	1.858759	1.500000
543	4.566607	95.260704	-55.153816	1.859243	1.500000
544	4.566557	95.257645	-55.191162	1.859732	1.500000
545	4.566507	95.254555	-55.227360	1.860188	1.500000
546	4.566456	95.251434	-55.264809	1.860674	1.500000
547	4.566405	95.248276	-55.302059	1.861152	1.500000
548	4.566352	95.245003	-55.339054	1.861613	1.500000
549	4.566299	95.241776	-55.373512	1.862014	1.500000
550	4.566247	95.238495	-55.412037	1.862514	1.500000
551	4.566192	95.235138	-55.451500	1.863018	1.500000
552	4.566137	95.231728	-55.491203	1.863503	1.500000
553	4.566082	95.228325	-55.524147	1.863807	1.500000
554	4.566027	95.224937	-55.559620	1.864187	1.500000
555	4.565972	95.221565	-55.596275	1.864601	1.500000
556	4.565917	95.218201	-55.632801	1.865012	1.500000
557	4.565863	95.214851	-55.669197	1.865423	1.500000
558	4.565809	95.211510	-55.705460	1.865832	1.500000
559	4.565755	95.208183	-55.741592	1.866239	1.500000
560	4.565701	95.204872	-55.777599	1.866645	1.500000
561	4.565648	95.201569	-55.813477	1.867050	1.500000
562	4.565595	95.198280	-55.849277	1.867456	1.500000
563	4.565542	95.195015	-55.886593	1.867900	1.500000
564	4.565489	95.191734	-55.924408	1.868331	1.500000
565	4.565438	95.188568	-55.964809	1.868821	1.500000
566	4.565391	95.185623	-56.006882	1.869372	1.500000
567	4.565342	95.182632	-56.048473	1.869906	1.500000
568	4.565296	95.179771	-56.090107	1.870458	1.500000
569	4.565251	95.176964	-56.132370	1.871033	1.500000
570	4.565205	95.174141	-56.174828	1.871614	1.500000
571	4.565157	95.171181	-56.216953	1.872172	1.500000
572	4.565110	95.168266	-56.259331	1.872741	1.500000
573	4.565065	95.165443	-56.301613	1.873315	1.500000
574	4.565019	95.162598	-56.343914	1.873891	1.500000
575	4.564973	95.159752	-56.386154	1.874469	1.500000
576	4.564929	95.157013	-56.428326	1.875056	1.500000
577	4.564886	95.154305	-56.470291	1.875640	1.500000
578	4.564842	95.151604	-56.511845	1.876215	1.500000
579	4.564798	95.148857	-56.552444	1.876761	1.500000
580	4.564754	95.146118	-56.593628	1.877328	1.500000
581	4.564708	95.143234	-56.634666	1.877881	1.500000
582	4.564660	95.140251	-56.675774	1.878424	1.500000
583	4.564611	95.137268	-56.716606	1.878954	1.500000
584	4.564562	95.134186	-56.755302	1.879407	1.500000
585	4.564512	95.131073	-56.791740	1.879789	1.500000
586	4.564462	95.128021	-56.829338	1.880198	1.500000
587	4.564413	95.124962	-56.867500	1.880628	1.500000
588	4.564364	95.121910	-56.906090	1.881076	1.500000
589	4.564315	95.118874	-56.944569	1.881526	1.500000
590	4.564267	95.115845	-56.982918	1.881973	1.500000
591	4.564219	95.112823	-57.021137	1.882419	1.500000
592	4.564170	95.109818	-57.059227	1.882864	1.500000
593	4.564122	95.106819	-57.097187	1.883307	1.500000
594	4.564074	95.103828	-57.135021	1.883749	1.500000
595	4.564026	95.100853	-57.172729	1.884189	1.500000
596	4.563979	95.097885	-57.210308	1.884627	1.500000
597	4.563931	95.094902	-57.247959	1.885065	1.500000
598	4.563882	95.091911	-57.284122	1.885486	1.500000
599	4.563834	95.088890	-57.320801	1.885926	1.500000
600	4.563784	95.085785	-57.356522	1.886333	1.500000
601	4.563732	95.082581	-57.391800	1.886715	1.500000
602	4.563678	95.079224	-57.431206	1.887194	1.500000
603	4.563624	95.075851	-57.471874	1.887708	1.500000
604	4.563572	95.072624	-57.513096	1.888253	1.500000
605	4.563520	95.069382	-57.554333	1.888796	1.500000
606	4.563468	95.066147	-57.595367	1.889336	1.500000
607	4.563413	95.062737	-57.635780	1.889843	1.500000
608	4.563357	95.059311	-57.675980	1.890345	1.500000
609	4.563303	95.055923	-57.716076	1.890849	1.500000
610	4.563248	95.052544	-57.756027	1.891350	1.500000
611	4.563194	95.049171	-57.795902	1.891850	1.500000
612	4.563139	95.045799	-57.835632	1.892348	1.500000
613	4.563086	95.042458	-57.875332	1.892847	1.500000
614	4.563032	95.039139	-57.914948	1.893350	1.500000
615	4.562978	95.035774	-57.954102	1.893836	1.500000
616	4.562924	95.032417	-57.993443	1.894330	1.500000
617	4.562869	95.028961	-58.032364	1.894802	1.500000
618	4.562812	95.025490	-58.071228	1.895269	1.500000
619	4.562757	95.022034	-58.110447	1.895745	1.500000
620	4.562700	95.018539	-58.150043	1.896227	1.500000
621	4.562645	95.015114	-58.189476	1.896720	1.500000
622	4.562591	95.011742	-58.229858	1.897252	1.500000
623	4.562538	95.008446	-58.269066	1.897770	1.500000
624	4.562486	95.005211	-58.305450	1.898231	1.500000
625	4.562434	95.001984	-58.340794	1.898674	1.500000
626	4.562382	94.998764	-58.376774	1.899139	1.500000
627	4.562331	94.995560	-58.412636	1.899602	1.500000
628	4.562279	94.992363	-58.448387	1.900064	1.500000
629	4.562228	94.989174	-58.484020	1.900524	1.500000
630	4.562177	94.986000	-58.519543	1.900983	1.500000
631	4.562126	94.982834	-58.554955	1.901440	1.500000
632	4.562075	94.979675	-58.590252	1.901896	1.500000
633	4.562025	94.976532	-58.625439	1.902351	1.500000
634	4.561974	94.973396	-58.660007	1.902792	1.500000
635	4.561924	94.970268	-58.693287	1.903203	1.500000
636	4.561873	94.967155	-58.726463	1.903614	1.500000
637	4.561823	94.964050	-58.758713	1.903971	1.500000
638	4.561773	94.960915	-58.790733	1.904311	1.500000
639	4.561723	94.957787	-58.820091	1.904585	1.500000
640	4.561675	94.954788	-58.850975	1.904913	1.500000
641	4.561626	94.951775	-58.882290	1.905243	1.500000
642	4.561577	94.948730	-58.916271	1.905637	1.500000
643	4.561528	94.945717	-58.951359	1.906063	1.500000
644	4.561478	94.942574	-58.986317	1.906473	1.500000
645	4.561427	94.939407	-59.020935	1.906875	1.500000
646	4.561377	94.936264	-59.054573	1.907255	1.500000
647	4.561328	94.933258	-59.088982	1.907668	1.500000
648	4.561278	94.930176	-59.123795	1.908085	1.500000
649	4.561229	94.927109	-59.158524	1.908502	1.500000
650	4.561180	94.924042	-59.193077	1.908915	1.500000
651	4.561131	94.920967	-59.227455	1.909323	1.500000
652	4.561081	94.917900	-59.261719	1.909731	1.500000
653	4.561033	94.914848	-59.295872	1.910138	1.500000
654	4.560983	94.911736	-59.329784	1.910533	1.500000
655	4.560933	94.908638	-59.363579	1.910925	1.500000
656	4.560884	94.905594	-59.397289	1.911319	1.500000
657	4.560837	94.902634	-59.430229	1.911702	1.500000
658	4.560791	94.899788	-59.462719	1.912083	1.500000
659	4.560745	94.896889	-59.495934	1.912477	1.500000
660	4.560699	94.894020	-59.529186	1.912875	1.500000
661	4.560652	94.891136	-59.561813	1.913252	1.500000
662	4.560605	94.888214	-59.594994	1.913635	1.500000
663	4.560557	94.885262	-59.628353	1.914016	1.500000
664	4.560507	94.882156	-59.662392	1.914393	1.500000
665	4.560455	94.878929	-59.697487	1.914775	1.500000
666	4.560401	94.875572	-59.732452	1.915140	1.500000
667	4.560346	94.872108	-59.768623	1.915530	1.500000
668	4.560289	94.868629	-59.805752	1.915945	1.500000
669	4.560234	94.865166	-59.842770	1.916360	1.500000
670	4.560178	94.861710	-59.879677	1.916773	1.500000
671	4.560122	94.858269	-59.916473	1.917184	1.500000
672	4.560067	94.854836	-59.953159	1.917595	1.500000
673	4.560012	94.851410	-59.989738	1.918005	1.500000
674	4.559957	94.848000	-60.026207	1.918413	1.500000
675	4.559902	94.844597	-60.062569	1.918820	1.500000
676	4.559848	94.841202	-60.098824	1.919225	1.500000
677	4.559793	94.837822	-60.134972	1.919630	1.500000
678	4.559739	94.834442	-60.171009	1.920033	1.500000
679	4.559685	94.831085	-60.206944	1.920436	1.500000
680	4.559630	94.827721	-60.243061	1.920840	1.500000
681	4.559576	94.824326	-60.277412	1.921195	1.500000
682	4.559521	94.820908	-60.311497	1.921542	1.500000
683	4.559464	94.817398	-60.343426	1.921816	1.500000
684	4.559408	94.813927	-60.374874	1.922076	1.500000
685	4.559354	94.810570	-60.406677	1.922356	1.500000
686	4.559298	94.807091	-60.438393	1.922623	1.500000
687	4.559243	94.803711	-60.470005	1.922900	1.500000
688	4.559190	94.800415	-60.501545	1.923184	1.500000
689	4.559138	94.797180	-60.533314	1.923482	1.500000
690	4.559087	94.793968	-60.565014	1.923784	1.500000
691	4.559035	94.790771	-60.596752	1.924092	1.500000
692	4.558984	94.787560	-60.628330	1.924395	1.500000
693	4.558934	94.784431	-60.659920	1.924706	1.500000
694	4.558884	94.781349	-60.691074	1.925012	1.500000
695	4.558836	94.778313	-60.721458	1.925306	1.500000
696	4.558787	94.775291	-60.751835	1.925600	1.500000
697	4.558740	94.772339	-60.782936	1.925923	1.500000
698	4.558692	94.769356	-60.814323	1.926250	1.500000
699	4.558645	94.766426	-60.845856	1.926589	1.500000
700	4.558597	94.763428	-60.878281	1.926944	1.500000
701	4.558548	94.760384	-60.910595	1.927293	1.500000
702	4.558500	94.757393	-60.942955	1.927653	1.500000
703	4.558453	94.754448	-60.974411	1.927999	1.500000
704	4.558405	94.751434	-61.006092	1.928351	1.500000
705	4.558357	94.748474	-61.037899	1.928719	1.500000
706	4.558310	94.745537	-61.069904	1.929101	1.500000
707	4.558264	94.742630	-61.101929	1.929487	1.500000
708	4.558217	94.739746	-61.133762	1.929870	1.500000
709	4.558171	94.736877	-61.165504	1.930253	1.500000
710	4.558125	94.734009	-61.197163	1.930634	1.500000
711	4.558079	94.731155	-61.228725	1.931014	1.500000
712	4.558033	94.728310	-61.260204	1.931393	1.500000
713	4.557987	94.725464	-61.291595	1.931771	1.500000
714	4.557941	94.722633	-61.322895	1.932148	1.500000
715	4.557896	94.719810	-61.354107	1.932524	1.500000
716	4.557850	94.716995	-61.385235	1.932899	1.500000
717	4.557805	94.714188	-61.416275	1.933273	1.500000
718	4.557760	94.711380	-61.446987	1.933638	1.500000
719	4.557715	94.708580	-61.475819	1.933951	1.500000
720	4.557670	94.705780	-61.504578	1.934276	1.500000
721	4.557626	94.703056	-61.533619	1.934605	1.500000
722	4.557584	94.700417	-61.563084	1.934949	1.500000
723	4.557541	94.697769	-61.591633	1.935260	1.500000
724	4.557498	94.695076	-61.619709	1.935558	1.500000
725	4.557454	94.692314	-61.645630	1.935794	1.500000
726	4.557410	94.689629	-61.673378	1.936084	1.500000
727	4.557370	94.687111	-61.701389	1.936398	1.500000
728	4.557329	94.684547	-61.729256	1.936702	1.500000
729	4.557288	94.682014	-61.756874	1.937001	1.500000
730	4.557247	94.679482	-61.784370	1.937300	1.500000
731	4.557208	94.677017	-61.811874	1.937604	1.500000
732	4.557168	94.674553	-61.839344	1.937910	1.500000
733	4.557128	94.672112	-61.866821	1.938218	1.500000
734	4.557089	94.669632	-61.893673	1.938507	1.500000
735	4.557049	94.667168	-61.920738	1.938804	1.500000
736	4.557008	94.664658	-61.947235	1.939079	1.500000
737	4.556967	94.662102	-61.974049	1.939359	1.500000
738	4.556927	94.659607	-62.000782	1.939642	1.500000
739	4.556886	94.657104	-62.027561	1.939928	1.500000
740	4.556848	94.654739	-62.054794	1.940242	1.500000
741	4.556810	94.652382	-62.080978	1.940535	1.500000
742	4.556773	94.650070	-62.106743	1.940827	1.500000
743	4.556733	94.647575	-62.132954	1.941127	1.500000
744	4.556691	94.644951	-62.159641	1.941425	1.500000
745	4.556650	94.642342	-62.185749	1.941721	1.500000
746	4.556609	94.639809	-62.212200	1.942047	1.500000
747	4.556568	94.637276	-62.238579	1.942373	1.500000
748	4.556527	94.634758	-62.264889	1.942698	1.500000
749	4.556487	94.632240	-62.291126	1.943022	1.500000
750	4.556446	94.629730	-62.317295	1.943345	1.500000
751	4.556406	94.627228	-62.343395	1.943668	1.500000
752	4.556365	94.624733	-62.369427	1.943989	1.500000
753	4.556325	94.622238	-62.395386	1.944310	1.500000
754	4.556285	94.619759	-62.421280	1.944630	1.500000
755	4.556245	94.617279	-62.447102	1.944949	1.500000
756	4.556205	94.614807	-62.472858	1.945267	1.500000
757	4.556166	94.612350	-62.498386	1.945574	1.500000
758	4.556128	94.609970	-62.523396	1.945871	1.500000
759	4.556090	94.607666	-62.550785	1.946240	1.500000
760	4.556052	94.605255	-62.577450	1.946566	1.500000
761	4.556012	94.602776	-62.603329	1.946864	1.500000
762	4.555970	94.600166	-62.628902	1.947151	1.500000
763	4.555927	94.597519	-62.654934	1.947449	1.500000
764	4.555886	94.594955	-62.681187	1.947761	1.500000
765	4.555846	94.592461	-62.707458	1.948082	1.500000
766	4.555807	94.590027	-62.733803	1.948409	1.500000
767	4.555767	94.587547	-62.760651	1.948746	1.500000
768	4.555726	94.584969	-62.787777	1.949083	1.500000
769	4.555685	94.582420	-62.814877	1.949422	1.500000
770	4.555644	94.579872	-62.841877	1.949757	1.500000
771	4.555602	94.577286	-62.868763	1.950088	1.500000
772	4.555561	94.574707	-62.895603	1.950418	1.500000
773	4.555519	94.572090	-62.922237	1.950738	1.500000
774	4.555476	94.569443	-62.948620	1.951051	1.500000
775	4.555433	94.566757	-62.974827	1.951355	1.500000
776	4.555389	94.564034	-63.000751	1.951650	1.500000
777	4.555344	94.561226	-63.026630	1.951934	1.500000
778	4.555298	94.558372	-63.052433	1.952210	1.500000
779	4.555253	94.555550	-63.078571	1.952496	1.500000
780	4.555208	94.552742	-63.104797	1.952784	1.500000
781	4.555164	94.550026	-63.132153	1.953104	1.500000
782	4.555121	94.547394	-63.160694	1.953456	1.500000
783	4.555080	94.544807	-63.188778	1.953801	1.500000
784	4.555038	94.542229	-63.215981	1.954122	1.500000
785	4.554996	94.539658	-63.241947	1.954409	1.500000
786	4.554955	94.537094	-63.268032	1.954707	1.500000
787	4.554914	94.534538	-63.294041	1.955002	1.500000
788	4.554873	94.531982	-63.319984	1.955296	1.500000
789	4.554832	94.529434	-63.345863	1.955589	1.500000
790	4.554790	94.526901	-63.371677	1.955881	1.500000
791	4.554750	94.524368	-63.397427	1.956173	1.500000
792	4.554709	94.521843	-63.423107	1.956464	1.500000
793	4.554668	94.519318	-63.448727	1.956754	1.500000
794	4.554628	94.516808	-63.474613	1.957050	1.500000
795	4.554587	94.514297	-63.501266	1.957364	1.500000
796	4.554547	94.511780	-63.527908	1.957685	1.500000
797	4.554506	94.509262	-63.554710	1.958012	1.500000
798	4.554465	94.506737	-63.583298	1.958381	1.500000
799	4.554425	94.504204	-63.613113	1.958781	1.500000
800	4.554384	94.501640	-63.643681	1.959193	1.500000
801	4.554344	94.499161	-63.671768	1.959547	1.500000
802	4.554305	94.496765	-63.699291	1.959894	1.500000
803	4.554266	94.494347	-63.726833	1.960239	1.500000
804	4.554228	94.491997	-63.754295	1.960590	1.500000
805	4.554191	94.489647	-63.781929	1.960945	1.500000
806	4.554153	94.487328	-63.809460	1.961302	1.500000
807	4.554116	94.485016	-63.836952	1.961657	1.500000
808	4.554079	94.482674	-63.864258	1.962005	1.500000
809	4.554042	94.480385	-63.891575	1.962360	1.500000
810	4.554006	94.478134	-63.918861	1.962717	1.500000
811	4.553969	94.475868	-63.946106	1.963072	1.500000
812	4.553934	94.473648	-63.973431	1.963435	1.500000
813	4.553898	94.471413	-64.000671	1.963796	1.500000
814	4.553861	94.469109	-64.027771	1.964147	1.500000
815	4.553823	94.466782	-64.054688	1.964490	1.500000
816	4.553787	94.464500	-64.081482	1.964835	1.500000
817	4.553751	94.462288	-64.108231	1.965189	1.500000
818	4.553714	94.459953	-64.135307	1.965547	1.500000
819	4.553675	94.457550	-64.163345	1.965931	1.500000
820	4.553637	94.455170	-64.191689	1.966328	1.500000
821	4.553599	94.452858	-64.223091	1.966819	1.500000
822	4.553563	94.450569	-64.256081	1.967373	1.500000
823	4.553526	94.448273	-64.287544	1.967883	1.500000
824	4.553489	94.445992	-64.318375	1.968378	1.500000
825	4.553453	94.443718	-64.349129	1.968873	1.500000
826	4.553417	94.441452	-64.379807	1.969366	1.500000
827	4.553380	94.439194	-64.410416	1.969858	1.500000
828	4.553344	94.436935	-64.440948	1.970349	1.500000
829	4.553308	94.434685	-64.471405	1.970838	1.500000
830	4.553272	94.432434	-64.501793	1.971327	1.500000
831	4.553236	94.430199	-64.532104	1.971814	1.500000
832	4.553200	94.427963	-64.562714	1.972300	1.500000
833	4.553164	94.425735	-64.593742	1.972792	1.500000
834	4.553129	94.423531	-64.625092	1.973304	1.500000
835	4.553094	94.421364	-64.655495	1.973803	1.500000
836	4.553061	94.419258	-64.685081	1.974291	1.500000
837	4.553028	94.417236	-64.714455	1.974779	1.500000
838	4.552994	94.415138	-64.743820	1.975253	1.500000
839	4.552959	94.412933	-64.772652	1.975704	1.500000
840	4.552923	94.410698	-64.801979	1.976161	1.500000
841	4.552886	94.408440	-64.831512	1.976622	1.500000
842	4.552851	94.406204	-64.861511	1.977097	1.500000
843	4.552814	94.403946	-64.892334	1.977592	1.500000
844	4.552777	94.401657	-64.923065	1.978082	1.500000
845	4.552742	94.399475	-64.953804	1.978583	1.500000
846	4.552709	94.397354	-64.984489	1.979090	1.500000
847	4.552674	94.395203	-65.015121	1.979592	1.500000
848	4.552638	94.392990	-65.045670	1.980088	1.500000
849	4.552602	94.390762	-65.076195	1.980583	1.500000
850	4.552566	94.388504	-65.106583	1.981073	1.500000
851	4.552529	94.386192	-65.136917	1.981556	1.500000
852	4.552493	94.383911	-65.167130	1.982039	1.500000
853	4.552456	94.381653	-65.197365	1.982521	1.500000
854	4.552419	94.379326	-65.227188	1.982985	1.500000
855	4.552382	94.377075	-65.256462	1.983446	1.500000
856	4.552345	94.374763	-65.285934	1.983909	1.500000
857	4.552310	94.372513	-65.314972	1.984368	1.500000
858	4.552274	94.370285	-65.342270	1.984788	1.500000
859	4.552238	94.368057	-65.370247	1.985232	1.500000
860	4.552201	94.365791	-65.399216	1.985700	1.500000
861	4.552165	94.363525	-65.428123	1.986166	1.500000
862	4.552128	94.361259	-65.456955	1.986631	1.500000
863	4.552092	94.359001	-65.485725	1.987095	1.500000
864	4.552056	94.356750	-65.514435	1.987558	1.500000
865	4.552020	94.354507	-65.543068	1.988020	1.500000
866	4.551983	94.352264	-65.571640	1.988481	1.500000
867	4.551947	94.350029	-65.600143	1.988940	1.500000
868	4.551911	94.347801	-65.628586	1.989399	1.500000
869	4.551876	94.345573	-65.656960	1.989857	1.500000
870	4.551840	94.343346	-65.686035	1.990335	1.500000
871	4.551803	94.341042	-65.715073	1.990794	1.500000
872	4.551766	94.338776	-65.742943	1.991220	1.500000
873	4.551730	94.336494	-65.770477	1.991636	1.500000
874	4.551693	94.334229	-65.797569	1.992042	1.500000
875	4.551658	94.332047	-65.824127	1.992440	1.500000
876	4.551623	94.329857	-65.851463	1.992856	1.500000
877	4.551589	94.327759	-65.878693	1.993281	1.500000
878	4.551557	94.325706	-65.905945	1.993712	1.500000
879	4.551523	94.323593	-65.932617	1.994120	1.500000
880	4.551487	94.321404	-65.959572	1.994527	1.500000
881	4.551453	94.319252	-65.987419	1.994961	1.500000
882	4.551418	94.317101	-66.015251	1.995396	1.500000
883	4.551384	94.314972	-66.043007	1.995831	1.500000
884	4.551350	94.312836	-66.070740	1.996265	1.500000
885	4.551318	94.310799	-66.098495	1.996710	1.500000
886	4.551285	94.308754	-66.126213	1.997156	1.500000
887	4.551252	94.306686	-66.153847	1.997595	1.500000
888	4.551217	94.304512	-66.181335	1.998021	1.500000
889	4.551181	94.302269	-66.208557	1.998434	1.500000
890	4.551145	94.300034	-66.235718	1.998848	1.500000
891	4.551109	94.297775	-66.261322	1.999217	1.500000
892	4.551075	94.295624	-66.286919	1.999588	1.500000
893	4.551041	94.293518	-66.309326	1.999881	1.500000
894	4.551006	94.291351	-66.329544	2.000109	1.500000
895	4.550971	94.289162	-66.349190	2.000327	1.500000
896	4.550935	94.286949	-66.368187	2.000530	1.500000
897	4.550900	94.284752	-66.386589	2.000721	1.500000
898	4.550864	94.282555	-66.404953	2.000911	1.500000
899	4.550829	94.280365	-66.423271	2.001101	1.500000
900	4.550794	94.278175	-66.441551	2.001290	1.500000
901	4.550758	94.275993	-66.459793	2.001479	1.500000
902	4.550724	94.273819	-66.477989	2.001667	1.500000
903	4.550688	94.271645	-66.496147	2.001856	1.500000
904	4.550653	94.269478	-66.514267	2.002043	1.500000
905	4.550618	94.267319	-66.532349	2.002231	1.500000
906	4.550583	94.265160	-66.550385	2.002417	1.500000
907	4.550549	94.263008	-66.567581	2.002595	1.500000
908	4.550515	94.260864	-66.587341	2.002834	1.500000
909	4.550481	94.258781	-66.611084	2.003179	1.500000
910	4.550448	94.256729	-66.635963	2.003553	1.500000
911	4.550415	94.254662	-66.660995	2.003927	1.500000
912	4.550383	94.252655	-66.686584	2.004325	1.500000
913	4.550350	94.250610	-66.712624	2.004731	1.500000
914	4.550316	94.248528	-66.738113	2.005120	1.500000
915	4.550283	94.246490	-66.763580	2.005512	1.500000
916	4.550251	94.244453	-66.788933	2.005901	1.500000
917	4.550215	94.242287	-66.814133	2.006273	1.500000
918	4.550181	94.240196	-66.839348	2.006654	1.500000
919	4.550147	94.238075	-66.864441	2.007028	1.500000
920	4.550113	94.235962	-66.889427	2.007401	1.500000
921	4.550079	94.233841	-66.914352	2.007771	1.500000
922	4.550045	94.231766	-66.939240	2.008145	1.500000
923	4.550012	94.229675	-66.964012	2.008515	1.500000
924	4.549978	94.227623	-66.988777	2.008887	1.500000
925	4.549944	94.225502	-67.013351	2.009248	1.500000
926	4.549911	94.223465	-67.037918	2.009619	1.500000
927	4.549878	94.221413	-67.062332	2.009984	1.500000
928	4.549844	94.219307	-67.086678	2.010341	1.500000
929	4.549809	94.217186	-67.111298	2.010702	1.500000
930	4.549773	94.214951	-67.135963	2.011052	1.500000
931	4.549737	94.212715	-67.161415	2.011425	1.500000
932	4.549702	94.210533	-67.187050	2.011818	1.500000
933	4.549666	94.208389	-67.211060	2.012172	1.500000
934	4.549632	94.206230	-67.234192	2.012479	1.500000
935	4.549597	94.204079	-67.258118	2.012787	1.500000
936	4.549562	94.201935	-67.282303	2.013100	1.500000
937	4.549528	94.199791	-67.306351	2.013410	1.500000
938	4.549493	94.197655	-67.330345	2.013721	1.500000
939	4.549459	94.195518	-67.354286	2.014030	1.500000
940	4.549424	94.193390	-67.378181	2.014338	1.500000
941	4.549389	94.191269	-67.402023	2.014647	1.500000
942	4.549356	94.189148	-67.425812	2.014954	1.500000
943	4.549321	94.187035	-67.449547	2.015261	1.500000
944	4.549287	94.184929	-67.473236	2.015567	1.500000
945	4.549253	94.182823	-67.496880	2.015872	1.500000
946	4.549219	94.180710	-67.520515	2.016179	1.500000
947	4.549184	94.178566	-67.544006	2.016493	1.500000
948	4.549150	94.176430	-67.567444	2.016809	1.500000
949	4.549116	94.174332	-67.592003	2.017154	1.500000
950	4.549081	94.172173	-67.616699	2.017494	1.500000
951	4.549044	94.169899	-67.640602	2.017803	1.500000
952	4.549006	94.167564	-67.663872	2.018091	1.500000
953	4.548971	94.165352	-67.687538	2.018398	1.500000
954	4.548935	94.163155	-67.711311	2.018712	1.500000
955	4.548899	94.160934	-67.735023	2.019021	1.500000
956	4.548863	94.158699	-67.758682	2.019328	1.500000
957	4.548826	94.156418	-67.782234	2.019627	1.500000
958	4.548789	94.154152	-67.805748	2.019925	1.500000
959	4.548752	94.151878	-67.829201	2.020221	1.500000
960	4.548714	94.149521	-67.852562	2.020508	1.500000
961	4.548675	94.147141	-67.875839	2.020790	1.500000
962	4.548636	94.144768	-67.899132	2.021074	1.500000
963	4.548597	94.142387	-67.922447	2.021359	1.500000
964	4.548559	94.140022	-67.945679	2.021645	1.500000
965	4.548521	94.137680	-67.968826	2.021929	1.500000
966	4.548483	94.135353	-67.991875	2.022213	1.500000
967	4.548446	94.133087	-68.014824	2.022502	1.500000
968	4.548409	94.130829	-68.038101	2.022800	1.500000
969	4.548374	94.128639	-68.061302	2.023103	1.500000
970	4.548339	94.126457	-68.084541	2.023407	1.500000
971	4.548301	94.124138	-68.107178	2.023678	1.500000
972	4.548264	94.121849	-68.131126	2.023995	1.500000
973	4.548226	94.119514	-68.154457	2.024284	1.500000
974	4.548188	94.117210	-68.176025	2.024527	1.500000
975	4.548151	94.114914	-68.196602	2.024759	1.500000
976	4.548114	94.112617	-68.217247	2.024995	1.500000
977	4.548077	94.110329	-68.237846	2.025230	1.500000
978	4.548039	94.108040	-68.258400	2.025465	1.500000
979	4.548002	94.105759	-68.278923	2.025700	1.500000
980	4.547965	94.103485	-68.299393	2.025934	1.500000
981	4.547928	94.101212	-68.319824	2.026167	1.500000
982	4.547891	94.098946	-68.340218	2.026401	1.500000
983	4.547854	94.096680	-68.360565	2.026633	1.500000
984	4.547818	94.094421	-68.380875	2.026865	1.500000
985	4.547781	94.092171	-68.401146	2.027097	1.500000
986	4.547745	94.089920	-68.421486	2.027327	1.500000
987	4.547708	94.087677	-68.441963	2.027553	1.500000
988	4.547672	94.085442	-68.462440	2.027780	1.500000
989	4.547635	94.083183	-68.482880	2.027999	1.500000
990	4.547598	94.080933	-68.502716	2.028198	1.500000
991	4.547561	94.078629	-68.522057	2.028383	1.500000
992	4.547524	94.076302	-68.542877	2.028600	1.500000
993	4.547484	94.073830	-68.564537	2.028824	1.500000
994	4.547441	94.071190	-68.585419	2.029005	1.500000
995	4.547397	94.068481	-68.606735	2.029189	1.500000
996	4.547352	94.065781	-68.628403	2.029384	1.500000
997	4.547309	94.063087	-68.650070	2.029581	1.500000
998	4.547266	94.060486	-68.671814	2.029789	1.500000
999	4.547223	94.057831	-68.693489	2.029989	1.500000
1000	4.547179	94.055130	-68.715103	2.030182	1.500000
